2 54 59 16
2 54 58 16
2 54 52 32
2 54 52 32
3 81 82 16
3 81 82 16
4 3 4 2
25 59 55 16
46 55 56 16
72 56 57 16
107 57 58 32
137 4 8 64
234 8 9 64
428 9 5 16
478 5 6 32
532 6 7 32
598 7 1 8
624 1 14 16
677 14 12 16
712 12 2 4
750 2 13 8
800 13 15 16
850 15 18 64
963 18 19 64
1074 19 16 32
1131 16 17 32
1213 17 11 64
1314 11 29 32
1393 29 27 24
1448 27 28 24
1506 28 26 4
1516 26 21 4
1516 26 25 0
1516 26 22 0
1516 26 34 0
1516 26 36 2
1516 26 38 4
1516 26 33 4
1526 21 25 2
1526 21 23 1
1533 25 24 1
1539 24 23 1
1539 24 22 1
1546 23 45 1
1551 22 34 0
1621 34 36 1
1621 34 38 0
1629 36 37 4
1638 37 38 2
1638 37 31 2
1648 31 33 1
1648 31 32 2
1658 38 39 0
1658 38 35 16
1667 33 32 16
1669 39 35 0
1679 35 45 16
1687 32 45 8
1723 45 48 16
1742 48 49 16
1742 48 41 4
1742 48 44 4
1742 48 43 16
1742 48 46 8
1763 49 47 8
1763 49 41 2
1769 41 44 4
1775 47 42 8
1781 44 43 2
1794 43 46 8
1807 46 42 8
1821 42 53 8
1858 53 52 8
1900 52 51 8
1911 51 69 4
2020 69 63 4
2020 69 68 0
2020 69 62 0
2020 69 64 0
2020 69 65 2
2020 69 74 4
2020 69 73 4
2031 63 68 2
2031 63 67 1
2038 68 66 1
2044 66 67 1
2044 66 62 1
2050 67 75 1
2056 62 64 0
2059 64 65 1
2059 64 74 0
2067 65 61 4
2076 61 74 2
2076 61 76 2
2110 76 73 1
2110 76 77 2
2120 74 79 0
2120 74 72 16
2129 73 77 16
2133 79 72 0
2141 72 75 16
2150 77 75 8
2164 75 78 16
2184 78 71 16
2184 78 85 4
2184 78 84 4
2184 78 83 16
2184 78 86 8
2206 71 89 8
2206 71 85 2
2239 85 84 4
2246 89 87 8
2251 84 83 2
2265 83 86 8
2278 86 87 8
2292 87 88 8
2303 88 82 8
