1 12 2 24
2 53 51 16
2 53 69 16
2 53 64 32
2 53 64 32
25 51 58 16
48 58 59 16
74 59 52 16
76 2 7 512
110 52 69 32
654 7 8 512
1232 8 9 512
1810 9 3 128
1972 3 4 256
2278 4 5 256
2584 5 6 256
2890 6 1 64
2987 1 16 128
3171 16 17 128
3333 17 18 128
3493 18 19 128
3651 19 13 32
3713 13 14 32
3774 14 15 32
3836 15 11 32
3896 11 29 32
3962 29 24 8
3982 24 25 8
4005 25 26 8
4021 26 27 8
4038 27 28 8
4058 28 23 2
4064 23 21 4
4064 23 22 0
4064 23 32 0
4064 23 35 0
4064 23 37 2
4064 23 34 4
4064 23 44 4
4075 21 22 2
4075 21 38 1
4081 22 36 1
4154 36 38 1
4154 36 32 1
4161 38 45 1
4165 32 35 0
4169 35 37 1
4169 35 34 0
4177 37 39 4
4186 39 34 2
4186 39 47 2
4207 34 31 0
4207 34 33 16
4219 31 33 0
4220 47 44 1
4220 47 48 2
4228 33 45 16
4239 44 48 16
4260 48 45 8
4273 45 49 16
4292 49 41 16
4292 49 42 4
4292 49 43 4
4292 49 54 16
4292 49 55 8
4313 41 46 8
4313 41 42 2
4319 42 43 4
4326 46 56 8
4330 43 54 2
4367 54 55 8
4380 55 56 8
4394 56 57 8
4405 57 64 8
4514 64 68 8
4525 68 61 8
4525 68 67 1
4525 68 62 1
4525 68 63 1
4525 68 74 4
4525 68 77 8
4525 68 75 8
4543 61 67 4
4543 61 66 2
4554 67 65 2
4565 65 66 2
4565 65 62 2
4572 66 72 2
4582 62 63 1
4589 63 74 2
4589 63 77 1
4624 74 76 8
4640 76 77 4
4640 76 71 4
4652 71 75 2
4652 71 78 4
4664 75 78 32
4678 77 79 1
4678 77 73 32
4697 79 73 1
4704 78 72 16
4715 73 72 32
4755 72 88 32
4817 88 89 32
4817 88 84 8
4817 88 83 8
4817 88 82 32
4817 88 85 16
4857 89 87 16
4857 89 84 4
4866 84 83 8
4883 87 86 16
4887 83 82 4
4913 82 85 16
4938 85 86 16
4964 86 81 16
