4
32
25
27
10
26
20
30
80
25
48
36
2
4
2
8
16
10
32
5
4
1
6
10
18
3
6
8
32
8
10
40
7
2
4
2
8
16
10
32
5
4
1
6
10
18
3
6
18
32
8
10
40
7
2
4
2
8
16
10
32
5
4
1
6
10
18
3
6
24
20
30
80
25
48
36
2
4
2
8
16
10
32
5
4
1
6
10
18
3
6
8
32
8
10
40
7
2
4
2
8
16
10
32
5
4
1
6
10
18
3
6
8
32
8
10
40
7
2
4
2
8
16
10
32
5
4
1
6
10
18
3
6
8
32
8
10
40
7
2
4
2
8
16
10
32
5
4
1
6
10
18
3
6
20
30
80
25
48
36
2
4
2
8
16
10
32
5
4
1
6
10
18
3
6
8
32
8
10
40
7
2
4
2
8
16
10
32
5
4
1
6
10
18
3
6
8
32
8
10
40
7
2
4
2
8
16
10
32
5
4
1
6
10
18
3
6
8
32
8
10
40
7
2
4
2
8
16
10
32
5
4
1
6
10
18
3
6
8
32
8
10
40
7
2
4
2
8
16
10
32
5
4
1
6
10
18
3
6
8
32
8
10
40
7
2
4
2
8
16
10
32
5
4
1
6
10
18
3
6
20
30
80
25
48
36
2
4
2
8
16
10
32
5
4
1
6
10
18
3
6
8
32
8
10
40
7
2
4
2
8
16
10
32
5
4
1
6
10
18
3
6
8
32
8
10
40
7
2
4
2
8
16
10
32
5
4
1
6
10
18
3
6
8
32
8
10
40
7
2
4
2
8
16
10
32
5
4
1
6
10
18
3
6
20
4
2
3
2
8
1
5
3
16
8
1
6
16
2
3
1
2
4
2
8
16
10
32
1
3
1
2
5
9
3
4
37
24
8
1