4 12 3 4
7 33 31 224
7 33 49 224
7 33 43 448
7 33 43 448
7 51 69 224
7 51 68 224
7 51 63 448
7 51 63 448
36 1 13 224
36 1 19 224
36 1 14 448
36 1 14 448
36 81 86 448
36 81 82 448
36 81 82 448
66 3 7 64
157 7 8 64
236 31 39 224
250 8 9 64
291 13 16 224
306 69 65 224
326 9 4 16
370 4 5 14
370 4 6 14
406 5 11 56
416 6 2 14
469 39 32 224
490 86 87 448
512 2 15 56
521 16 17 224
538 65 66 224
619 15 11 56
699 32 48 224
725 11 14 112
750 17 18 224
766 66 67 224
849 14 28 112
945 87 88 448
961 48 49 448
984 18 19 448
1002 67 68 448
1019 28 29 112
1019 28 24 28
1019 28 23 28
1019 28 22 112
1019 28 25 56
1138 29 27 56
1138 29 24 14
1155 24 23 28
1191 23 22 14
1201 27 26 56
1217 22 25 56
1294 25 26 56
1355 26 21 56
1397 88 89 448
1420 21 37 56
1420 21 36 56
1553 37 34 14
1601 34 35 14
1625 35 36 56
1693 36 38 112
1847 38 43 112
1855 89 82 896
1996 43 47 112
2142 47 44 112
2142 47 41 28
2142 47 45 28
2142 47 42 112
2142 47 54 56
2261 44 46 56
2261 44 41 14
2278 41 45 28
2314 45 42 14
2324 46 55 56
2340 42 54 56
2440 54 55 56
2501 55 56 56
2565 56 58 56
2565 56 57 56
2641 58 52 14
2690 52 53 14
2714 53 57 56
2782 57 59 112
2936 59 63 112
3127 63 64 112
3273 64 61 112
3273 64 75 28
3273 64 74 28
3273 64 73 112
3273 64 76 56
3392 61 62 56
3392 61 75 14
3432 75 74 28
3454 62 77 56
3468 74 73 14
3494 73 76 56
3570 76 77 56
3631 77 78 56
3695 78 79 56
3777 79 72 28
3777 79 71 28
3828 72 85 112
3837 71 83 28
3971 83 84 112
4110 84 85 112
4272 85 82 224
