1 3 12 8
1 3 8 1
1 3 2 1
1 3 4 1
1 3 5 4
1 3 1 8
1 3 14 8
2 22 21 32
2 22 39 32
2 22 33 64
2 22 33 64
4 63 61 64
4 63 79 64
4 63 72 128
4 63 72 128
40 12 8 4
40 12 7 2
40 21 36 32
73 8 6 2
79 61 68 64
80 6 7 2
80 6 2 2
87 7 15 2
93 2 4 1
97 4 5 2
97 4 1 1
106 5 9 8
119 9 1 4
119 9 16 4
142 1 19 1
142 1 13 32
145 36 37 32
152 68 69 64
155 16 14 2
155 16 17 4
176 14 17 32
178 19 13 1
189 37 38 32
201 13 15 32
212 17 15 16
234 69 62 64
238 15 18 32
239 38 39 64
273 18 11 32
273 18 25 8
273 18 24 8
273 18 23 32
273 18 26 16
310 11 29 16
310 11 25 4
334 62 79 128
342 25 24 8
355 29 27 16
357 24 23 4
372 23 26 16
393 26 27 16
415 27 28 16
434 28 33 16
551 33 34 16
570 34 35 16
636 35 31 16
636 35 32 2
636 35 42 2
636 35 45 2
636 35 47 8
636 35 44 16
636 35 54 16
662 31 32 8
662 31 48 4
676 32 46 4
712 46 48 4
712 46 42 4
724 48 55 4
735 42 45 2
742 45 47 4
742 45 44 2
758 47 49 16
782 49 44 8
782 49 57 8
824 44 41 2
824 44 43 64
830 57 54 4
830 57 58 8
846 41 43 2
868 54 58 64
892 43 55 64
939 58 55 32
987 55 59 64
1055 59 51 64
1055 59 52 16
1055 59 53 16
1055 59 64 64
1055 59 65 32
1127 51 56 32
1127 51 52 8
1141 52 53 16
1164 56 66 32
1169 53 64 8
1264 64 65 32
1304 65 66 32
1346 66 67 32
1382 67 72 32
1504 72 78 32
1540 78 77 8
1582 77 71 8
1582 77 76 1
1582 77 74 1
1582 77 83 1
1582 77 86 4
1582 77 88 8
1582 77 85 8
1593 71 76 4
1593 71 73 2
1603 76 75 2
1609 75 73 2
1609 75 74 2
1615 74 83 1
1617 73 82 2
1651 83 86 2
1651 83 88 1
1656 86 87 8
1671 87 88 4
1671 87 81 4
1680 88 89 1
1680 88 84 32
1680 81 85 2
1680 81 82 4
1692 85 82 32
1699 89 84 1
1722 84 82 32
